                                                                                                    |
                                      444                                       222                 |
                                     4   4                     333            2    2 2 2            |
                            3 2 3 X       4                   4              2   Q--Q--Q--Q--       |
            T      4  4  4 Q--Q--Q--       4                 3     3       2                        |
         3 3 3    Q--Q--Q--              2223333333333           Y  2 2 2          X            Y   |
        Q--Q--Q-         222222222T2222 2    4      T    Q--Q--Q--Q--111Q--Q--222Q--Q-- T Q--Q--Q--Q|
        X          X    1     Z       Y        111 11X 11                                           |
----------------------------------------------------------------------------------------------------|
O---------O---------O---------O---------O---------O---------O---------O---------O---------P-P-P-P-P-|
                                                                                                    |
                                                                                                    |
  1232112   Z                     Y                                                                 |
   Q--Q--Q--Q--             Q--Q--Q--Q--               Q--Q--Q--Q--          Q--Q--Q--Q--           |
                                                 T         22222222321312312321312            21212 |
12322    X   12           Z                  1111111111111         X          3123123134231231      |
--    Q--Q--Q--Q--  T  Q--Q--Q--Q--    T   Q--Q--Q--Q--      Q--Q--Q--Q--  T   Q--Q--Q--Q--         |
                   1232                                                                             |
----------------------------------------------------------------------------------------------------|
O---------P-P-O---------P-P-O---------P-P-O---------P-P-O---------O---------O---------O---------P-P-|
                                                                                                    |
                                                                                                    |
                                                                              4 4                   |
                        2     3 3 3                3 3 3                3 3 3      3 3              |
                       1 2                          2 2                       3 3 3                 |
1 1 1 1 1 1   2 2 2   1   2 2        2 2   3   2 2       2 2   3    2 2                2 2 2   2 2 2|
     3 333333333333        2                                                       T                |
1 1 1 1 1 1 1       1 1 1   1     X      1 1 1        Y      1 1 1    Z                       1 1 1 |
----------------------------------------------------------------------------------------------------|
O---------O---------O---------O---------O---------O---------O---------O---------O---------P-P-P-P-P-|
                                                                                                    |
                                                                                                    |
                                                        4 4                                         |
                     3 3 3                       3 3 3      3 3                                     |
                                 3 3 3                  3 3                                         |
   2 2 2         2 2       2 2               2 2                 2 2 2           2 2                |
                                                                                        22314242145 |
1         1 1 1                  1 1 1 1 1 1                            1 1 1 1       1 1 1 1 1 1 1 |
----------------------------------------------------------------------------------------------------|
O---------P-P-O---------P-P-O---------P-P-O---------P-P-O---------O---------O---------O---------P-P-|
                                                                                                    |
                                                                                                    |
                                                                              4 4                   |
                              3 3 3                3 3 3                3 3 3      3 3              |
                                                                                                    |
              2 2 2       2 2        2 2       2 2       2 2        2 2                2 2 2        |
                                                                                                    |
1 1 1 1 1 1 1       1 1 1                1 1 1               1 1 1                            1 1 1 |
----------------------------------------------------------------------------------------------------|
O---------O---------O---------O---------O---------O---------O---------O---------O---------P-P-P-P-P-|
                                                                                                    |
                                                                                                    |
                                                        4 4                                         |
                     3 3 3                       3 3 3      3 3                                     |
                                                                                                    |
   2 2 2         2 2       2 2               2 2                 2 2 2           2 2                |
                                                                                                    |
1         1 1 1                  1 1 1 1 1 1                            1 1 1 1       1 1 1 1 1 1 1 |
----------------------------------------------------------------------------------------------------|
O---------P-P-O---------P-P-O---------P-P-O---------P-P-O---------O---------O---------O---------P-P-|
                                                                                                    |
                                                                                                    |
                                                                                                    |
                                                                                                    |
                                                                                                    |
                               22                                     3 3                           |
            1 1 1 1 1         2  2     2 2         2 2     2       2 2                              |
    11111111 1 1 1 1 111111111    11111            1 1 1 1           1 1 1                          |
----------------------------------------------------------------------------------------------------|
O---------O---------O---------O---------O---------O---------O---------O---------O---------P-P-P-P-P-|
                                                                                                    |
                                                                                                    |
                                                                                                    |
                                                                                                    |
                                                                                                    |
                                                                                                    |
                                                                                                    |
                                                                                                    |
----------------------------------------------------------------------------------------------------|
O---------P-P-O---------P-P-O---------P-P-O---------P-P-O---------O---------O---------O---------P-P-|
                                                                                                    |
                                                                                                    |
                                                                                                    |
                                                                                                    |
                                                                          4 4                       |
                                3 3 3                 3 3             3 3                           |
                  2 2 2       2       2 2         2 2     2       2 2                               |
    1 1 1 1 1 1 1       1 1 1             1 1 1 1           1 1 1                                   |
----------------------------------------------------------------------------------------------------|
O---------O---------O---------O---------O---------O---------O---------O---------O---------P-P-P-P-P-|
                                                                                                    |
                                                                                                    |
                                                                                                    |
                                                                                                    |
                                                                                                    |
                                                                                                    |
                                                                                                    |
                                                                                                    |
----------------------------------------------------------------------------------------------------|
O---------P-P-O---------P-P-O---------P-P-O---------P-P-O---------O---------O---------O---------P-P-|
                                                                                                    |
                                                         1 1                                        |
                                                       1     1                                      |
                                         Q--Q--Q--Q--1         1               333                  |
 O---------         22222              2 2 2 2 2 2 2             2 2 2 2 2 2 232 23                 |
                1111     1 1 1 1 1 1 1       Q--Q--Q--Q--                    3     3 1 1 1 1        |
                  O---------             1 1 1 1 1 1 1 1 1 1 1 1 1 1 1      3       3        4 4 4 4|
   1 2 3 4 1 2 3 4 1 1 1 1 1 1 1 1 1 1 1                 ---             1 1         311            |
----------------------------------------------------------------------------------------------------|
O---------O---------O---------O---------O---------O---------O---------O---------O---------P-P-P-P-P-|
                                                                                                    |
                                                                                                    |
                                                           1 1 1 1 1 1 1 1 1                        |
                                            1 1 1 1 1 1 1 1                   1 1 1 1 1             |
                             2 2 2 2 2 2 2                                             2 2 2 2 2    |
               1 1 1 1 1 1 1                                                                        |
 4 4 4 4 4 4 4                                                                                      |
                                                                                                    |
----------------------------------------------------------------------------------------------------|
O---------P-P-O---------P-P-O---------P-P-O---------P-P-O---------O---------O---------O---------P-P-|
                                                                                                    |
                                                         1 1                                        |
                                                       1     1                                      |
                                                     1         1                                    |
                    33333              2 2 2 3 3 3 3             3 3 3 3 3 3 3 3 3                  |
                1111     1 1 1 1 1 1 1                    -                        1 1 1 1 1        |
                                                         - -                                 1 1 1 1|
                                                         ---                                        |
----------------------------------------------------------------------------------------------------|
O---------O---------O---------O---------O---------O---------O---------O---------O---------P-P-P-P-P-|
                                                                                                    |
                                                                                                    |
                                                           4 4 4 4 4 4 4 4 4                        |
                                           1 1 1 1 1 1 1 1                   1 1 1 1 1              |
                             3 3 3 3 3 3 3                                             3 3 3 3 3    |
               1 1 1 1 1 1 1                                                                        |
 1 1 1 1 1 1 1                                                                                      |
                                                                                                    |
----------------------------------------------------------------------------------------------------|
O---------P-P-O---------P-P-O---------P-P-O---------P-P-O---------O---------O---------O---------P-P-|
                                                                                                    |
                                                         1 1                                        |
                                                       1     1                                      |
                                                     1         1                                    |
                    11111              1 1 1 1 1 1 1             1 1 1 1 1 1 1 1 1                  |
                1111     1 1 1 1 1 1 1                    -                        1 1 1 1 1        |
                                                         - -                                 1 1 1 1|
                                                         ---                                        |
----------------------------------------------------------------------------------------------------|
O---------O---------O---------O---------O---------O---------O---------O---------O---------P-P-P-P-P-|
                                                                                                    |
                                                                                                    |
                                                           1 1 1 1 1 1 1 1 1                        |
                                           1 1 1 1 1 1 1 1                   1 1 1 1 1              |
                             1 1 1 1 1 1 1                                             1 1 1 1 1    |
               1 1 1 1 1 1 1                                                                        |
 1 1 1 1 1 1 1                                                                                      |
                                                                                                    |
----------------------------------------------------------------------------------------------------|
O---------P-P-O---------P-P-O---------P-P-O---------P-P-O---------O---------O---------O---------P-P-|
